const app_id = 'OWgGsfZuyiSxjLAKwfZX'
const app_code = 'rTTBM6FaSoZvONYqU1VysA'

const BADALONA = {
  "type": "FeatureCollection",
  "features": [
    {"type": "Feature", "properties":{"Code":"geom_724_9_8_232_377_8015_0_1153_0", "LocationName":"Salut - Lloreda"}, "geometry":{"type":"Polygon", "coordinates":[[[2.22162, 41.44787], [2.22085, 41.44713], [2.22104, 41.44668], [2.22348, 41.44210], [2.22466, 41.44020], [2.22646, 41.43819], [2.22695, 41.43872], [2.23047, 41.44061], [2.22929, 41.44143], [2.23509, 41.44739], [2.23658, 41.44869], [2.23537, 41.44877], [2.23494, 41.44901], [2.23253, 41.45148], [2.23198, 41.45289], [2.22748, 41.45361], [2.22652, 41.45345], [2.22381, 41.45201], [2.22316, 41.45248], [2.22212, 41.45278], [2.22121, 41.45268], [2.22050, 41.45220], [2.22249, 41.45088], [2.22050, 41.44922], [2.22169, 41.44815], [2.22162, 41.44787]]]}}
    ,
    {"type": "Feature", "properties":{"Code":"geom_724_9_8_232_377_8015_0_1154_0", "LocationName":"Port - Remei"}, "geometry":{"type":"MultiPolygon", "coordinates":[[[[2.24428, 41.43780], [2.24240, 41.43879], [2.24101, 41.43713], [2.24156, 41.43688], [2.24166, 41.43699], [2.24422, 41.43639], [2.24271, 41.43199], [2.24274, 41.43156], [2.24296, 41.43175], [2.24484, 41.43694], [2.24387, 41.43721], [2.24428, 41.43780]]], [[[2.22331, 41.43133], [2.22423, 41.42982], [2.22828, 41.43094], [2.22872, 41.43090], [2.22920, 41.43140], [2.23021, 41.43193], [2.23090, 41.43158], [2.23415, 41.42891], [2.23741, 41.42594], [2.23803, 41.42766], [2.23833, 41.42770], [2.23825, 41.42796], [2.23851, 41.42872], [2.23867, 41.42879], [2.23975, 41.43069], [2.23994, 41.43082], [2.24057, 41.43081], [2.24059, 41.43178], [2.24092, 41.43233], [2.24202, 41.43221], [2.24235, 41.43324], [2.24207, 41.43327], [2.24183, 41.43261], [2.24055, 41.43286], [2.24081, 41.43359], [2.23920, 41.43389], [2.23938, 41.43418], [2.24249, 41.43362], [2.24269, 41.43416], [2.24043, 41.43464], [2.24063, 41.43546], [2.24101, 41.43614], [2.24078, 41.43656], [2.24061, 41.43666], [2.24034, 41.43634], [2.23985, 41.43659], [2.23960, 41.43645], [2.23842, 41.43710], [2.23446, 41.43334], [2.23012, 41.43590], [2.22614, 41.43232], [2.22549, 41.43153], [2.22518, 41.43137], [2.22452, 41.43214], [2.22331, 41.43133]]]]}}
    ,
    {"type": "Feature", "properties":{"Code":"geom_724_9_8_232_377_8015_0_1155_0", "LocationName":"Montigalà - Sant Crist"}, "geometry":{"type":"Polygon", "coordinates":[[[2.21803, 41.45885], [2.21765, 41.45832], [2.21621, 41.45759], [2.21675, 41.45743], [2.21811, 41.45665], [2.21999, 41.45539], [2.21913, 41.45474], [2.21894, 41.45441], [2.21909, 41.45423], [2.21835, 41.45358], [2.22050, 41.45220], [2.22121, 41.45268], [2.22212, 41.45278], [2.22316, 41.45248], [2.22381, 41.45201], [2.22652, 41.45345], [2.22748, 41.45361], [2.23198, 41.45289], [2.23253, 41.45148], [2.23469, 41.44926], [2.23537, 41.44877], [2.23658, 41.44869], [2.24139, 41.45285], [2.24230, 41.45344], [2.24150, 41.45429], [2.23998, 41.45696], [2.24125, 41.45753], [2.24020, 41.45947], [2.23892, 41.45899], [2.23818, 41.46042], [2.23640, 41.46024], [2.23599, 41.46114], [2.23866, 41.46178], [2.23543, 41.46583], [2.23370, 41.46700], [2.23193, 41.46932], [2.23119, 41.46930], [2.23100, 41.46894], [2.22858, 41.46769], [2.22162, 41.46506], [2.22067, 41.46377], [2.22011, 41.46262], [2.22048, 41.46207], [2.22096, 41.46176], [2.22089, 41.46158], [2.22051, 41.46129], [2.22032, 41.46071], [2.21857, 41.46053], [2.21825, 41.46009], [2.21803, 41.45885]]]}}
    ,
    {"type": "Feature", "properties":{"Code":"geom_724_9_8_232_377_8015_0_1156_0", "LocationName":"Gorg - Progrés"}, "geometry":{"type":"Polygon", "coordinates":[[[2.22924, 41.43640], [2.23446, 41.43334], [2.23842, 41.43710], [2.23960, 41.43645], [2.23985, 41.43659], [2.24034, 41.43634], [2.24061, 41.43666], [2.23893, 41.43763], [2.23791, 41.43874], [2.24101, 41.43713], [2.24240, 41.43879], [2.24428, 41.43780], [2.24491, 41.43870], [2.24542, 41.43925], [2.24566, 41.43929], [2.24591, 41.44007], [2.24632, 41.44062], [2.24693, 41.44109], [2.24891, 41.44015], [2.24906, 41.44020], [2.24702, 41.44117], [2.24707, 41.44157], [2.24781, 41.44251], [2.24541, 41.44480], [2.24383, 41.44748], [2.24348, 41.44778], [2.24197, 41.44818], [2.24083, 41.44815], [2.23658, 41.44869], [2.23509, 41.44739], [2.22929, 41.44143], [2.23047, 41.44061], [2.22695, 41.43872], [2.22653, 41.43831], [2.22646, 41.43819], [2.22924, 41.43640]]]}}
    ,
    {"type": "Feature", "properties":{"Code":"geom_724_9_8_232_377_8015_0_1157_0", "LocationName":"Centre Badalona"}, "geometry":{"type":"Polygon", "coordinates":[[[2.24781, 41.44251], [2.25248, 41.44781], [2.25322, 41.44835], [2.25383, 41.44913], [2.25469, 41.44984], [2.24849, 41.45474], [2.24833, 41.45518], [2.24856, 41.45528], [2.24845, 41.45676], [2.24401, 41.45417], [2.24283, 41.45380], [2.24139, 41.45285], [2.23658, 41.44869], [2.24083, 41.44815], [2.24197, 41.44818], [2.24348, 41.44778], [2.24383, 41.44748], [2.24541, 41.44480], [2.24781, 41.44251]]]}}
    ,
    {"type": "Feature", "properties":{"Code":"geom_724_9_8_232_377_8015_0_1158_0", "LocationName":"Casagemes - Canyadó"}, "geometry":{"type":"Polygon", "coordinates":[[[2.25343, 41.45864], [2.25146, 41.45827], [2.25034, 41.45784], [2.24845, 41.45676], [2.24856, 41.45528], [2.24833, 41.45518], [2.24849, 41.45474], [2.25465, 41.44980], [2.25726, 41.45220], [2.26258, 41.45627], [2.26756, 41.45956], [2.26786, 41.45948], [2.26859, 41.45980], [2.27001, 41.46065], [2.26798, 41.46340], [2.26455, 41.46199], [2.26010, 41.46044], [2.25343, 41.45864]]]}}
    ,
    {"type": "Feature", "properties":{"Code":"geom_724_9_8_232_377_8015_0_1159_0", "LocationName":"Canyet - Pomar"}, "geometry":{"type":"Polygon", "coordinates":[[[2.23967, 41.47310], [2.24050, 41.47280], [2.24287, 41.47242], [2.24386, 41.47053], [2.24370, 41.47017], [2.24211, 41.46882], [2.24207, 41.46852], [2.24234, 41.46812], [2.24354, 41.46733], [2.24554, 41.46664], [2.24804, 41.46535], [2.24891, 41.46420], [2.24989, 41.46345], [2.24987, 41.46200], [2.24968, 41.46122], [2.25019, 41.46090], [2.25093, 41.45983], [2.25141, 41.45939], [2.25258, 41.45889], [2.25343, 41.45864], [2.25797, 41.45979], [2.26455, 41.46199], [2.26798, 41.46340], [2.26607, 41.46459], [2.26421, 41.46610], [2.26280, 41.46827], [2.25936, 41.47182], [2.25840, 41.47319], [2.25584, 41.47590], [2.25534, 41.47707], [2.25390, 41.47872], [2.25335, 41.47906], [2.25123, 41.48105], [2.24942, 41.48308], [2.24914, 41.48358], [2.24689, 41.48589], [2.24673, 41.48661], [2.24684, 41.48727], [2.24667, 41.48853], [2.24587, 41.48866], [2.24551, 41.48929], [2.24544, 41.48995], [2.24516, 41.49048], [2.24388, 41.49060], [2.24254, 41.49043], [2.24139, 41.49062], [2.23997, 41.49150], [2.23935, 41.49170], [2.23887, 41.49162], [2.23848, 41.49130], [2.23592, 41.49137], [2.23436, 41.49199], [2.23215, 41.49218], [2.23054, 41.49268], [2.22941, 41.49211], [2.22827, 41.49183], [2.22671, 41.49193], [2.22564, 41.49231], [2.22422, 41.49234], [2.22245, 41.49030], [2.22207, 41.49005], [2.22124, 41.48972], [2.21953, 41.48939], [2.21795, 41.48857], [2.21661, 41.48840], [2.21612, 41.48781], [2.21551, 41.48750], [2.21655, 41.48546], [2.21509, 41.48322], [2.21386, 41.48227], [2.21315, 41.48139], [2.21214, 41.48109], [2.21206, 41.48034], [2.21230, 41.48016], [2.21283, 41.47840], [2.21435, 41.47798], [2.21532, 41.47800], [2.21773, 41.47753], [2.21764, 41.47708], [2.21711, 41.47636], [2.21725, 41.47623], [2.21692, 41.47505], [2.21627, 41.47434], [2.21548, 41.47400], [2.21495, 41.47331], [2.21332, 41.47178], [2.21109, 41.47111], [2.22162, 41.46506], [2.22858, 41.46769], [2.23100, 41.46894], [2.23119, 41.46930], [2.23200, 41.46930], [2.23284, 41.46810], [2.23329, 41.46829], [2.23458, 41.46798], [2.23874, 41.46944], [2.23967, 41.47030], [2.24052, 41.47069], [2.24083, 41.47136], [2.24012, 41.47193], [2.23978, 41.47262], [2.23937, 41.47288], [2.23967, 41.47310]]]}}
    ,
    {"type": "Feature", "properties":{"Code":"geom_724_9_8_232_377_8015_0_1160_0", "LocationName":"Bonavista - Bufalà - Morera"}, "geometry":{"type":"Polygon", "coordinates":[[[2.23697, 41.46393], [2.23866, 41.46178], [2.23599, 41.46114], [2.23640, 41.46024], [2.23818, 41.46042], [2.23892, 41.45899], [2.24020, 41.45947], [2.24125, 41.45753], [2.23998, 41.45696], [2.24150, 41.45429], [2.24230, 41.45344], [2.24572, 41.45510], [2.25034, 41.45784], [2.25146, 41.45827], [2.25343, 41.45864], [2.25141, 41.45939], [2.25093, 41.45983], [2.25019, 41.46090], [2.24977, 41.46110], [2.24989, 41.46345], [2.24891, 41.46420], [2.24804, 41.46535], [2.24554, 41.46664], [2.24354, 41.46733], [2.24234, 41.46812], [2.24207, 41.46852], [2.24211, 41.46882], [2.24370, 41.47017], [2.24386, 41.47053], [2.24329, 41.47182], [2.24287, 41.47242], [2.24248, 41.47256], [2.24050, 41.47280], [2.23967, 41.47310], [2.23937, 41.47288], [2.23978, 41.47262], [2.24012, 41.47193], [2.24083, 41.47136], [2.24052, 41.47069], [2.23967, 41.47030], [2.23874, 41.46944], [2.23531, 41.46822], [2.23458, 41.46798], [2.23329, 41.46829], [2.23284, 41.46810], [2.23386, 41.46685], [2.23525, 41.46602], [2.23697, 41.46393]]]}}
    ,
    {"type": "Feature", "properties":{"Code":"geom_724_9_8_232_377_8015_0_1161_0", "LocationName":"Artigues - Llefià"}, "geometry":{"type":"Polygon", "coordinates":[[[2.21563, 41.43408], [2.21638, 41.43374], [2.21725, 41.43273], [2.21945, 41.43339], [2.22052, 41.43213], [2.22227, 41.43289], [2.22317, 41.43187], [2.22304, 41.43175], [2.22331, 41.43133], [2.22452, 41.43214], [2.22518, 41.43137], [2.23012, 41.43590], [2.22623, 41.43836], [2.22476, 41.44005], [2.22348, 41.44210], [2.22085, 41.44713], [2.21939, 41.44601], [2.21850, 41.44493], [2.21462, 41.44156], [2.21336, 41.43983], [2.21368, 41.43872], [2.21342, 41.43790], [2.21317, 41.43761], [2.21317, 41.43673], [2.21487, 41.43433], [2.21563, 41.43408]]]}}
  ]
}

const VIC = {
  "type": "FeatureCollection",
  "features": [
    {"type": "Feature", "properties":{"Code":"geom_724_9_8_228_356_8298_0_2533_0", "LocationName":"Caputxins - Ambulatori  "}, "geometry":{"type":"Polygon", "coordinates":[[[2.26040, 41.93125], [2.26044, 41.93170], [2.26184, 41.93379], [2.26261, 41.93449], [2.26440, 41.93556], [2.26511, 41.93624], [2.26641, 41.93778], [2.26829, 41.94104], [2.27039, 41.94268], [2.27102, 41.94397], [2.27452, 41.94884], [2.27458, 41.95026], [2.27504, 41.95097], [2.27674, 41.95244], [2.28145, 41.95456], [2.28370, 41.95644], [2.28413, 41.95533], [2.28418, 41.95333], [2.28489, 41.95048], [2.28525, 41.94931], [2.28625, 41.94734], [2.28484, 41.94652], [2.28367, 41.94521], [2.28240, 41.94360], [2.28182, 41.94249], [2.28155, 41.94150], [2.28186, 41.94075], [2.28292, 41.93922], [2.28303, 41.93744], [2.28345, 41.93675], [2.28397, 41.93523], [2.28300, 41.93482], [2.28325, 41.93460], [2.28373, 41.93476], [2.28241, 41.93332], [2.28071, 41.93087], [2.28073, 41.93014], [2.28150, 41.92942], [2.28168, 41.92871], [2.28174, 41.92806], [2.28140, 41.92737], [2.28142, 41.92598], [2.28183, 41.92568], [2.27873, 41.92601], [2.27716, 41.92480], [2.27658, 41.92468], [2.27229, 41.92548], [2.27192, 41.92486], [2.27129, 41.92493], [2.27092, 41.92558], [2.26962, 41.92564], [2.26969, 41.92625], [2.26100, 41.92896], [2.26115, 41.92918], [2.26129, 41.93054], [2.26044, 41.93068], [2.26040, 41.93125]]]}}
    ,
    {"type": "Feature", "properties":{"Code":"geom_724_9_8_228_356_8298_0_2534_0", "LocationName":"Centre  "}, "geometry":{"type":"Polygon", "coordinates":[[[2.25355, 41.92438], [2.24881, 41.92423], [2.24913, 41.93165], [2.25409, 41.93226], [2.25538, 41.93215], [2.26040, 41.93125], [2.26044, 41.93068], [2.26129, 41.93054], [2.26115, 41.92918], [2.25994, 41.92689], [2.25878, 41.92736], [2.25684, 41.92756], [2.25435, 41.92720], [2.25355, 41.92438]]]}}
    ,
    {"type": "Feature", "properties":{"Code":"geom_724_9_8_228_356_8298_0_2535_0", "LocationName":"El Sucre - El Nadal  "}, "geometry":{"type":"Polygon", "coordinates":[[[2.24881, 41.92423], [2.24534, 41.92419], [2.24080, 41.92307], [2.23815, 41.92340], [2.23624, 41.92321], [2.23531, 41.92293], [2.23298, 41.92515], [2.21910, 41.92422], [2.21472, 41.92657], [2.21222, 41.92447], [2.20856, 41.92684], [2.20475, 41.92678], [2.19854, 41.92280], [2.19456, 41.91706], [2.19096, 41.91775], [2.18603, 41.91545], [2.18418, 41.91593], [2.18301, 41.91509], [2.18134, 41.91435], [2.18067, 41.91418], [2.17898, 41.91422], [2.17805, 41.91477], [2.17778, 41.91531], [2.17812, 41.91716], [2.17893, 41.91888], [2.18022, 41.92009], [2.17983, 41.92087], [2.18042, 41.92230], [2.18243, 41.92367], [2.18135, 41.92450], [2.17998, 41.92480], [2.17930, 41.92532], [2.17794, 41.92532], [2.17735, 41.92589], [2.17459, 41.92636], [2.17370, 41.92631], [2.17267, 41.92817], [2.16880, 41.92775], [2.16663, 41.93041], [2.16866, 41.93039], [2.16974, 41.93092], [2.16911, 41.93199], [2.16873, 41.93368], [2.17240, 41.93284], [2.17266, 41.93200], [2.17318, 41.93156], [2.17434, 41.93188], [2.17688, 41.93135], [2.17720, 41.93145], [2.17762, 41.93197], [2.17794, 41.93314], [2.17850, 41.93303], [2.17983, 41.93313], [2.18044, 41.93272], [2.18200, 41.93238], [2.18299, 41.93191], [2.18356, 41.93099], [2.18335, 41.93017], [2.18341, 41.92964], [2.18448, 41.92961], [2.18500, 41.92903], [2.18590, 41.92893], [2.18718, 41.92847], [2.18936, 41.92747], [2.19892, 41.92499], [2.20216, 41.92940], [2.20456, 41.93333], [2.20608, 41.93483], [2.20828, 41.93640], [2.21301, 41.93573], [2.21830, 41.93337], [2.21876, 41.93442], [2.22390, 41.93117], [2.22447, 41.93107], [2.22599, 41.93163], [2.22914, 41.93185], [2.22935, 41.93198], [2.22908, 41.93259], [2.22933, 41.93396], [2.23016, 41.93427], [2.23337, 41.93364], [2.23732, 41.93315], [2.23940, 41.93324], [2.23837, 41.93392], [2.23795, 41.93847], [2.23802, 41.93933], [2.23855, 41.93979], [2.24002, 41.93947], [2.24153, 41.93989], [2.24265, 41.93957], [2.24354, 41.93950], [2.24403, 41.93899], [2.24730, 41.93700], [2.24817, 41.93597], [2.24848, 41.93517], [2.24891, 41.93493], [2.24869, 41.93198], [2.24916, 41.93195], [2.24918, 41.93110], [2.24881, 41.92423]]]}}
    ,
    {"type": "Feature", "properties":{"Code":"geom_724_9_8_228_356_8298_0_2536_0", "LocationName":"Estadi - Santa Anna  "}, "geometry":{"type":"Polygon", "coordinates":[[[2.24905, 41.90774], [2.24930, 41.90908], [2.24992, 41.91075], [2.25435, 41.92720], [2.25684, 41.92756], [2.25878, 41.92736], [2.25994, 41.92689], [2.26100, 41.92896], [2.26969, 41.92625], [2.26962, 41.92564], [2.27092, 41.92558], [2.27129, 41.92493], [2.27192, 41.92486], [2.27229, 41.92548], [2.27658, 41.92468], [2.27388, 41.92347], [2.27489, 41.92288], [2.27415, 41.92225], [2.27452, 41.92174], [2.27336, 41.92090], [2.27170, 41.92033], [2.27063, 41.91974], [2.27046, 41.91833], [2.26720, 41.91937], [2.26564, 41.91966], [2.26511, 41.91901], [2.26383, 41.91811], [2.26361, 41.91721], [2.26430, 41.91545], [2.26599, 41.91293], [2.26636, 41.91182], [2.26708, 41.91094], [2.26714, 41.91053], [2.26705, 41.90983], [2.26659, 41.90963], [2.26588, 41.90975], [2.26523, 41.91022], [2.26485, 41.91016], [2.26488, 41.90947], [2.26573, 41.90789], [2.26470, 41.90757], [2.26433, 41.90698], [2.26580, 41.90526], [2.26611, 41.90378], [2.26588, 41.90341], [2.26461, 41.90289], [2.26410, 41.90243], [2.26383, 41.90186], [2.26261, 41.90140], [2.26184, 41.90141], [2.26115, 41.90191], [2.26118, 41.90211], [2.26176, 41.90264], [2.26151, 41.90291], [2.26092, 41.90303], [2.26117, 41.90363], [2.25794, 41.90404], [2.25720, 41.90436], [2.25524, 41.90449], [2.24905, 41.90774]]]}}
    ,
    {"type": "Feature", "properties":{"Code":"geom_724_9_8_228_356_8298_0_2537_0", "LocationName":"Nord "}, "geometry":{"type":"Polygon", "coordinates":[[[2.28370, 41.95644], [2.28145, 41.95456], [2.27674, 41.95244], [2.27504, 41.95097], [2.27458, 41.95026], [2.27452, 41.94884], [2.27102, 41.94397], [2.27039, 41.94268], [2.26829, 41.94104], [2.26641, 41.93778], [2.26511, 41.93624], [2.26440, 41.93556], [2.26261, 41.93449], [2.26184, 41.93379], [2.26044, 41.93170], [2.26040, 41.93125], [2.25538, 41.93215], [2.25409, 41.93226], [2.24913, 41.93165], [2.24916, 41.93195], [2.24869, 41.93198], [2.24891, 41.93493], [2.24848, 41.93517], [2.24826, 41.93582], [2.24747, 41.93686], [2.24403, 41.93899], [2.24354, 41.93950], [2.24422, 41.93958], [2.24649, 41.93931], [2.24778, 41.93981], [2.24927, 41.94099], [2.24918, 41.94173], [2.24955, 41.94224], [2.24947, 41.94285], [2.25011, 41.94391], [2.25008, 41.94451], [2.25084, 41.94485], [2.25117, 41.94555], [2.25266, 41.94612], [2.25457, 41.94644], [2.25640, 41.94731], [2.25847, 41.94776], [2.25890, 41.94815], [2.25898, 41.94888], [2.25887, 41.94939], [2.25810, 41.95014], [2.25758, 41.95122], [2.25740, 41.95242], [2.25750, 41.95363], [2.25953, 41.95275], [2.26099, 41.95254], [2.26137, 41.95211], [2.26173, 41.95205], [2.26477, 41.95273], [2.26629, 41.95279], [2.26671, 41.95343], [2.27113, 41.95332], [2.27134, 41.95529], [2.27292, 41.95595], [2.27391, 41.95612], [2.27558, 41.95752], [2.27605, 41.95767], [2.27625, 41.95746], [2.27661, 41.95755], [2.27718, 41.95844], [2.27705, 41.95935], [2.27758, 41.95953], [2.28306, 41.95860], [2.28326, 41.95838], [2.28370, 41.95697], [2.28370, 41.95644]]]}}
    ,
    {"type": "Feature", "properties":{"Code":"geom_724_9_8_228_356_8298_0_2538_0", "LocationName":"Remei - La Guixa "}, "geometry":{"type":"Polygon", "coordinates":[[[2.21910, 41.92422], [2.23298, 41.92515], [2.23531, 41.92293], [2.23624, 41.92321], [2.23815, 41.92340], [2.24080, 41.92307], [2.24534, 41.92419], [2.25355, 41.92438], [2.24992, 41.91075], [2.24930, 41.90908], [2.24905, 41.90774], [2.24331, 41.91075], [2.24241, 41.91091], [2.24157, 41.91069], [2.24065, 41.90981], [2.23691, 41.90422], [2.23458, 41.90453], [2.23341, 41.90530], [2.23266, 41.90362], [2.23169, 41.90262], [2.23157, 41.90158], [2.23121, 41.90105], [2.23064, 41.90070], [2.22684, 41.89925], [2.22659, 41.89960], [2.22277, 41.89768], [2.22340, 41.89605], [2.22048, 41.89296], [2.21500, 41.89253], [2.20934, 41.89006], [2.20796, 41.88913], [2.20662, 41.88759], [2.20485, 41.88604], [2.20347, 41.88585], [2.20216, 41.88598], [2.20117, 41.88565], [2.20065, 41.88461], [2.20004, 41.88262], [2.19977, 41.88213], [2.19932, 41.88190], [2.19857, 41.88166], [2.19684, 41.88184], [2.19491, 41.88281], [2.19395, 41.88371], [2.19321, 41.88501], [2.19352, 41.88563], [2.19382, 41.88829], [2.19336, 41.88925], [2.19312, 41.89041], [2.19265, 41.89123], [2.19266, 41.89172], [2.19275, 41.89274], [2.19339, 41.89378], [2.19476, 41.89518], [2.19631, 41.89621], [2.19866, 41.89510], [2.19991, 41.89414], [2.20074, 41.89395], [2.20137, 41.89359], [2.20230, 41.89365], [2.20312, 41.89398], [2.20385, 41.89432], [2.20446, 41.89487], [2.20447, 41.89531], [2.20285, 41.89597], [2.20321, 41.89650], [2.20395, 41.89642], [2.20426, 41.89713], [2.20369, 41.89746], [2.20161, 41.90006], [2.20123, 41.90166], [2.20124, 41.90269], [2.20160, 41.90388], [2.20222, 41.90488], [2.20312, 41.90568], [2.20420, 41.90626], [2.20300, 41.90907], [2.20322, 41.90944], [2.20292, 41.90970], [2.20240, 41.90978], [2.20106, 41.91040], [2.20061, 41.91217], [2.19764, 41.91355], [2.19755, 41.91447], [2.19899, 41.91466], [2.19984, 41.91510], [2.20076, 41.91529], [2.20213, 41.91500], [2.20356, 41.91562], [2.20352, 41.91680], [2.20408, 41.91689], [2.20589, 41.91656], [2.20949, 41.91755], [2.21154, 41.91828], [2.21215, 41.91880], [2.21381, 41.92076], [2.21662, 41.92226], [2.21862, 41.92282], [2.21865, 41.92300], [2.21770, 41.92399], [2.21910, 41.92422]]]}}
  ]
}

return (
  <div>
    <MapBasic appId={app_id}
      appCode={app_code}
      id="test-map"
      height="700px"
      center={[41.493743, 2.075211]}
      isInteractable
      polygons={[BADALONA, VIC]}
      zoomable
      hoverStyles={{
        color: '#CC0000'
      }}
      // icons={[{popup: { content: 'This is the popup content'}, iconUrl: 'http://www.pngall.com/wp-content/uploads/2017/05/Map-Marker-PNG-Pic.png',size: [18],anchor: [9, 0], lat: 41.493743, lng: 2.075211}]}
      zoom={17}
      minZoom={10}
      maxZoom={19}
      scrollWheelZoom={false}
      language={mapLanguages.SPANISH}
    />
  </div>
)
