const app_id = 'OWgGsfZuyiSxjLAKwfZX'
const app_code = 'rTTBM6FaSoZvONYqU1VysA'

const VIC = {
  "type": "FeatureCollection",
  "features": [
    {"type": "Feature", "properties":{"Code":"geom_724_9_8_228_356_8298_0_2533_0", "LocationName":"Caputxins - Ambulatori  "}, "geometry":{"type":"Polygon", "coordinates":[[[2.26040, 41.93125], [2.26044, 41.93170], [2.26184, 41.93379], [2.26261, 41.93449], [2.26440, 41.93556], [2.26511, 41.93624], [2.26641, 41.93778], [2.26829, 41.94104], [2.27039, 41.94268], [2.27102, 41.94397], [2.27452, 41.94884], [2.27458, 41.95026], [2.27504, 41.95097], [2.27674, 41.95244], [2.28145, 41.95456], [2.28370, 41.95644], [2.28413, 41.95533], [2.28418, 41.95333], [2.28489, 41.95048], [2.28525, 41.94931], [2.28625, 41.94734], [2.28484, 41.94652], [2.28367, 41.94521], [2.28240, 41.94360], [2.28182, 41.94249], [2.28155, 41.94150], [2.28186, 41.94075], [2.28292, 41.93922], [2.28303, 41.93744], [2.28345, 41.93675], [2.28397, 41.93523], [2.28300, 41.93482], [2.28325, 41.93460], [2.28373, 41.93476], [2.28241, 41.93332], [2.28071, 41.93087], [2.28073, 41.93014], [2.28150, 41.92942], [2.28168, 41.92871], [2.28174, 41.92806], [2.28140, 41.92737], [2.28142, 41.92598], [2.28183, 41.92568], [2.27873, 41.92601], [2.27716, 41.92480], [2.27658, 41.92468], [2.27229, 41.92548], [2.27192, 41.92486], [2.27129, 41.92493], [2.27092, 41.92558], [2.26962, 41.92564], [2.26969, 41.92625], [2.26100, 41.92896], [2.26115, 41.92918], [2.26129, 41.93054], [2.26044, 41.93068], [2.26040, 41.93125]]]}}
    ,
    {"type": "Feature", "properties":{"Code":"geom_724_9_8_228_356_8298_0_2534_0", "LocationName":"Centre  "}, "geometry":{"type":"Polygon", "coordinates":[[[2.25355, 41.92438], [2.24881, 41.92423], [2.24913, 41.93165], [2.25409, 41.93226], [2.25538, 41.93215], [2.26040, 41.93125], [2.26044, 41.93068], [2.26129, 41.93054], [2.26115, 41.92918], [2.25994, 41.92689], [2.25878, 41.92736], [2.25684, 41.92756], [2.25435, 41.92720], [2.25355, 41.92438]]]}}
    ,
    {"type": "Feature", "properties":{"Code":"geom_724_9_8_228_356_8298_0_2535_0", "LocationName":"El Sucre - El Nadal  "}, "geometry":{"type":"Polygon", "coordinates":[[[2.24881, 41.92423], [2.24534, 41.92419], [2.24080, 41.92307], [2.23815, 41.92340], [2.23624, 41.92321], [2.23531, 41.92293], [2.23298, 41.92515], [2.21910, 41.92422], [2.21472, 41.92657], [2.21222, 41.92447], [2.20856, 41.92684], [2.20475, 41.92678], [2.19854, 41.92280], [2.19456, 41.91706], [2.19096, 41.91775], [2.18603, 41.91545], [2.18418, 41.91593], [2.18301, 41.91509], [2.18134, 41.91435], [2.18067, 41.91418], [2.17898, 41.91422], [2.17805, 41.91477], [2.17778, 41.91531], [2.17812, 41.91716], [2.17893, 41.91888], [2.18022, 41.92009], [2.17983, 41.92087], [2.18042, 41.92230], [2.18243, 41.92367], [2.18135, 41.92450], [2.17998, 41.92480], [2.17930, 41.92532], [2.17794, 41.92532], [2.17735, 41.92589], [2.17459, 41.92636], [2.17370, 41.92631], [2.17267, 41.92817], [2.16880, 41.92775], [2.16663, 41.93041], [2.16866, 41.93039], [2.16974, 41.93092], [2.16911, 41.93199], [2.16873, 41.93368], [2.17240, 41.93284], [2.17266, 41.93200], [2.17318, 41.93156], [2.17434, 41.93188], [2.17688, 41.93135], [2.17720, 41.93145], [2.17762, 41.93197], [2.17794, 41.93314], [2.17850, 41.93303], [2.17983, 41.93313], [2.18044, 41.93272], [2.18200, 41.93238], [2.18299, 41.93191], [2.18356, 41.93099], [2.18335, 41.93017], [2.18341, 41.92964], [2.18448, 41.92961], [2.18500, 41.92903], [2.18590, 41.92893], [2.18718, 41.92847], [2.18936, 41.92747], [2.19892, 41.92499], [2.20216, 41.92940], [2.20456, 41.93333], [2.20608, 41.93483], [2.20828, 41.93640], [2.21301, 41.93573], [2.21830, 41.93337], [2.21876, 41.93442], [2.22390, 41.93117], [2.22447, 41.93107], [2.22599, 41.93163], [2.22914, 41.93185], [2.22935, 41.93198], [2.22908, 41.93259], [2.22933, 41.93396], [2.23016, 41.93427], [2.23337, 41.93364], [2.23732, 41.93315], [2.23940, 41.93324], [2.23837, 41.93392], [2.23795, 41.93847], [2.23802, 41.93933], [2.23855, 41.93979], [2.24002, 41.93947], [2.24153, 41.93989], [2.24265, 41.93957], [2.24354, 41.93950], [2.24403, 41.93899], [2.24730, 41.93700], [2.24817, 41.93597], [2.24848, 41.93517], [2.24891, 41.93493], [2.24869, 41.93198], [2.24916, 41.93195], [2.24918, 41.93110], [2.24881, 41.92423]]]}}
    ,
    {"type": "Feature", "properties":{"Code":"geom_724_9_8_228_356_8298_0_2536_0", "LocationName":"Estadi - Santa Anna  "}, "geometry":{"type":"Polygon", "coordinates":[[[2.24905, 41.90774], [2.24930, 41.90908], [2.24992, 41.91075], [2.25435, 41.92720], [2.25684, 41.92756], [2.25878, 41.92736], [2.25994, 41.92689], [2.26100, 41.92896], [2.26969, 41.92625], [2.26962, 41.92564], [2.27092, 41.92558], [2.27129, 41.92493], [2.27192, 41.92486], [2.27229, 41.92548], [2.27658, 41.92468], [2.27388, 41.92347], [2.27489, 41.92288], [2.27415, 41.92225], [2.27452, 41.92174], [2.27336, 41.92090], [2.27170, 41.92033], [2.27063, 41.91974], [2.27046, 41.91833], [2.26720, 41.91937], [2.26564, 41.91966], [2.26511, 41.91901], [2.26383, 41.91811], [2.26361, 41.91721], [2.26430, 41.91545], [2.26599, 41.91293], [2.26636, 41.91182], [2.26708, 41.91094], [2.26714, 41.91053], [2.26705, 41.90983], [2.26659, 41.90963], [2.26588, 41.90975], [2.26523, 41.91022], [2.26485, 41.91016], [2.26488, 41.90947], [2.26573, 41.90789], [2.26470, 41.90757], [2.26433, 41.90698], [2.26580, 41.90526], [2.26611, 41.90378], [2.26588, 41.90341], [2.26461, 41.90289], [2.26410, 41.90243], [2.26383, 41.90186], [2.26261, 41.90140], [2.26184, 41.90141], [2.26115, 41.90191], [2.26118, 41.90211], [2.26176, 41.90264], [2.26151, 41.90291], [2.26092, 41.90303], [2.26117, 41.90363], [2.25794, 41.90404], [2.25720, 41.90436], [2.25524, 41.90449], [2.24905, 41.90774]]]}}
    ,
    {"type": "Feature", "properties":{"Code":"geom_724_9_8_228_356_8298_0_2537_0", "LocationName":"Nord "}, "geometry":{"type":"Polygon", "coordinates":[[[2.28370, 41.95644], [2.28145, 41.95456], [2.27674, 41.95244], [2.27504, 41.95097], [2.27458, 41.95026], [2.27452, 41.94884], [2.27102, 41.94397], [2.27039, 41.94268], [2.26829, 41.94104], [2.26641, 41.93778], [2.26511, 41.93624], [2.26440, 41.93556], [2.26261, 41.93449], [2.26184, 41.93379], [2.26044, 41.93170], [2.26040, 41.93125], [2.25538, 41.93215], [2.25409, 41.93226], [2.24913, 41.93165], [2.24916, 41.93195], [2.24869, 41.93198], [2.24891, 41.93493], [2.24848, 41.93517], [2.24826, 41.93582], [2.24747, 41.93686], [2.24403, 41.93899], [2.24354, 41.93950], [2.24422, 41.93958], [2.24649, 41.93931], [2.24778, 41.93981], [2.24927, 41.94099], [2.24918, 41.94173], [2.24955, 41.94224], [2.24947, 41.94285], [2.25011, 41.94391], [2.25008, 41.94451], [2.25084, 41.94485], [2.25117, 41.94555], [2.25266, 41.94612], [2.25457, 41.94644], [2.25640, 41.94731], [2.25847, 41.94776], [2.25890, 41.94815], [2.25898, 41.94888], [2.25887, 41.94939], [2.25810, 41.95014], [2.25758, 41.95122], [2.25740, 41.95242], [2.25750, 41.95363], [2.25953, 41.95275], [2.26099, 41.95254], [2.26137, 41.95211], [2.26173, 41.95205], [2.26477, 41.95273], [2.26629, 41.95279], [2.26671, 41.95343], [2.27113, 41.95332], [2.27134, 41.95529], [2.27292, 41.95595], [2.27391, 41.95612], [2.27558, 41.95752], [2.27605, 41.95767], [2.27625, 41.95746], [2.27661, 41.95755], [2.27718, 41.95844], [2.27705, 41.95935], [2.27758, 41.95953], [2.28306, 41.95860], [2.28326, 41.95838], [2.28370, 41.95697], [2.28370, 41.95644]]]}}
    ,
    {"type": "Feature", "properties":{"Code":"geom_724_9_8_228_356_8298_0_2538_0", "LocationName":"Remei - La Guixa "}, "geometry":{"type":"Polygon", "coordinates":[[[2.21910, 41.92422], [2.23298, 41.92515], [2.23531, 41.92293], [2.23624, 41.92321], [2.23815, 41.92340], [2.24080, 41.92307], [2.24534, 41.92419], [2.25355, 41.92438], [2.24992, 41.91075], [2.24930, 41.90908], [2.24905, 41.90774], [2.24331, 41.91075], [2.24241, 41.91091], [2.24157, 41.91069], [2.24065, 41.90981], [2.23691, 41.90422], [2.23458, 41.90453], [2.23341, 41.90530], [2.23266, 41.90362], [2.23169, 41.90262], [2.23157, 41.90158], [2.23121, 41.90105], [2.23064, 41.90070], [2.22684, 41.89925], [2.22659, 41.89960], [2.22277, 41.89768], [2.22340, 41.89605], [2.22048, 41.89296], [2.21500, 41.89253], [2.20934, 41.89006], [2.20796, 41.88913], [2.20662, 41.88759], [2.20485, 41.88604], [2.20347, 41.88585], [2.20216, 41.88598], [2.20117, 41.88565], [2.20065, 41.88461], [2.20004, 41.88262], [2.19977, 41.88213], [2.19932, 41.88190], [2.19857, 41.88166], [2.19684, 41.88184], [2.19491, 41.88281], [2.19395, 41.88371], [2.19321, 41.88501], [2.19352, 41.88563], [2.19382, 41.88829], [2.19336, 41.88925], [2.19312, 41.89041], [2.19265, 41.89123], [2.19266, 41.89172], [2.19275, 41.89274], [2.19339, 41.89378], [2.19476, 41.89518], [2.19631, 41.89621], [2.19866, 41.89510], [2.19991, 41.89414], [2.20074, 41.89395], [2.20137, 41.89359], [2.20230, 41.89365], [2.20312, 41.89398], [2.20385, 41.89432], [2.20446, 41.89487], [2.20447, 41.89531], [2.20285, 41.89597], [2.20321, 41.89650], [2.20395, 41.89642], [2.20426, 41.89713], [2.20369, 41.89746], [2.20161, 41.90006], [2.20123, 41.90166], [2.20124, 41.90269], [2.20160, 41.90388], [2.20222, 41.90488], [2.20312, 41.90568], [2.20420, 41.90626], [2.20300, 41.90907], [2.20322, 41.90944], [2.20292, 41.90970], [2.20240, 41.90978], [2.20106, 41.91040], [2.20061, 41.91217], [2.19764, 41.91355], [2.19755, 41.91447], [2.19899, 41.91466], [2.19984, 41.91510], [2.20076, 41.91529], [2.20213, 41.91500], [2.20356, 41.91562], [2.20352, 41.91680], [2.20408, 41.91689], [2.20589, 41.91656], [2.20949, 41.91755], [2.21154, 41.91828], [2.21215, 41.91880], [2.21381, 41.92076], [2.21662, 41.92226], [2.21862, 41.92282], [2.21865, 41.92300], [2.21770, 41.92399], [2.21910, 41.92422]]]}}
  ]
}

return (
  <div>
    <MapBasic appId={app_id}
      appCode={app_code}
      id="test-map"
      height="700px"
      center={[41.493743, 2.075211]}
      isInteractable
      polygons={VIC}
      zoomable
      hoverStyles={{
        color: '#CC0000'
      }}
      // icons={[{popup: { content: 'This is the popup content'}, iconUrl: 'http://www.pngall.com/wp-content/uploads/2017/05/Map-Marker-PNG-Pic.png',size: [18],anchor: [9, 0], lat: 41.493743, lng: 2.075211}]}
      zoom={17}
      minZoom={10}
      maxZoom={19}
      scrollWheelZoom={false}
      language={mapLanguages.SPANISH}
    />
  </div>
)
